51.74410105876472
31.25674423923073
25.270085252086826
22.868649297874796
21.59232196685554
20.808909245985895
20.303125584144734
19.972161179630035
19.75516953982204
19.613050773099243
19.5201208518449
19.459456480644224
19.419922992246295
19.3942086550341
19.377519858931695
19.366717838947043
19.359749558976528
19.355273491700128
19.352413969192487
19.350600109940743
19.349460284539106
19.348753012506
19.348321739675896
19.348065261310687
19.347918391291767
19.347839338380318
19.347801470811557
19.347787950488076
19.347788242358078


